$ANSIBLE_VAULT;1.1;AES256
37366463326239326530386235393865306534323064333439316136643063633434346165633164
6239626538313264353231373136613038333639633439350a363538333839363862376337376539
63363163623838393231366162623939316334376537666666366462343939353334343763636237
3230363337326639350a653730666336356630393065353663316133613131326665613837373833
31663038323330393635373939383139346161376363366564646666373464393561643835656535
35643836356239376531393461313137663334653739616263356137643662393536653362396634
33396462396131303630643961646464663262383634323864393366366337646532376632353835
38656562396463323137343839663964636437336663623139383431613463383762623231396330
61343333376264613364303764356430643463636261666439666339323864646366333562646666
66623761376566613363346132376661383233326634333934316663633335376264313833386464
63636136326432356461316332373865613934666361326533393238656363666631393430666331
31383633313737393234326233636139663731643762306365366364633564326633663438336330
38396265313836386266383265323931326466326363386335383863383632393034323661396639
35623637343237313330343530366466636463346662333738356163633934333337663035653234
61663463356235346238333739613031303361313565663635616561313237613866373731333965
64346366366564326139366134373130303964663937313339636234336262316264656262653765
31663737316563613161376236313766643832396531643833353665323531326338613230343138
31613235316237393961393163613565656235343035396233303530346166663632633064656234
33636136343634656239653833393766336433303437633039333931346466313636636636386137
39313230633037346335353864643036653633343531313237353161363963326634303039313564
62366535646537386636336237663563643664633533313266633831383137303836303330343635
37613661383238303436636563336435656330653638323162306162383066653139666365343961
36396432656634356531306636363635656363366661333936646466636237663637613864653164
33333534306662313364303230636434646230363432656564396437613333653237393435376634
61303938626336663766333738626338333037366130306236623334363663663862643635383238
34393664386665363337663533316566653532363936373736383463343739373466333833353534
63656662623931636330366462383866343930376330626364373262333234343464623730646232
63613539353931656133653363373564313762666137643463376434663139383532333465343161
62303265346261643038626337313766376335613931323234646433396135386335613038666235
37663534383666613938633630303830393161363035316639623164633630613032396261616261
66303166386138366161393361396636653532646265653561626436353235343666656136336331
61623732663837646662383363663931366163613363636230616263363730633465303165626366
34356631626330363739663931663465643764633733393531663363376530313336633831613737
37626264306639643633646134656264393838613262363338346165653330373736636632393539
31396437633931346534633966353236646561633238666462313538353530376537376436353539
34386133373731366333303161376464663533313534646166303231303330626637353334386531
33393239396238616464636239666534313738363366353831373233653732613262623630353033
31666337373066316563386135313934663566666132313563366634323565656164326162653732
32623232393965303437343432373763333232353930313337396538303366663730383236333836
32306432656136373262623330396233313138303835613163643362333564343835616566393133
34626631313837396661393333623632303531653139626261353436626134346635333564376434
32353864383035326136346135323366633431373566336463323430633130656162343438313630
36616462353733633564663466326130376564613036383265663164623932303035343264653636
38643865353162303930326138643764663336623334326462373138613264656437313230303935
38373639396363643435363266356561373936363838353262633037333339333638353962373164
34313038303335666133353866333735613838353434373039343966633735363165616366613662
62363730626430383338623732643266623233356666363564636663653132643838373761353962
62336539306663353161306663616135663134323535623161343937366130323865643233353631
39333435303039666530336231353264643066333530343334303030356232383665353331626431
65313036303733376533333961326538373964623436316634363230366331646231633130653564
31373039376663303737336330323036336637666137303231386338666564656339643665336566
31623065343432643536393033326265313736313135616231353963306135346338313135653433
37633532386566646438626563613839643836616438396438323065386135356331336561376264
64303365613430376661323863313138336263343263613362333230333763633531666130316665
30646331633366336362643239373363326139653938623032623263336332353363633063316237
37633463373938616130356333656136633364353563326233323737303535333263383638656162
38333238313165353738346337326435646539343862343732623230363937613838386631343363
32313566623166623632333432383831353439646562633436353930626630383261323166313533
34623132313839623165383433373062333238393032626461616237373234373565626265366531
66386362666566623232316132386162623862666136656666376664626362386432363734633330
61663530646537626365383939356136653864383930353066313966396433343865646632616537
36626238376466643233383066373039353136316130666131386262396332646634643061383935
64373161396665373466386538306561633838343665353639633838653535343235353761393561
65396164383361366261373837663034623531386439613639336463323937643633643932393737
64366163623038336164653837303962306265303030343231353766613462386263356134373435
66666533313738313863636231646335373833633461323634316230393335393838363662366230
30386661303636643430386366383961393064383737356533373331646362646235646565353431
37326235323362393033356662326334333936643935653464633439306432316164626262366662
61663836323035613731633832636332353462323036646633396464616335646231623862653738
36326433316436343837346136666663616166383361643230643335626334616332396465393135
35646566636266393539383031323062383564356663383161623135396333336565643930353765
32303339643931373832653334663831363939643130653264336332646238333330616463306237
66366162656639396537333530323532653330333666666430313266643336613964356537343539
66383562363965353561333834653631303135383736623332333466613865663138343533396466
66656631326339616131656663306231636131383766316661623061343361383666626438663261
39386239333965623065666563373139663634656339353639376434623532346539626363386531
33656239353463303034666637326464626236333430366161393766666135333333373066323465
36383633633165383234383932366435333530666564343836653930363432643436643163343566
31663962623362326638306462653639383533356362343063373337616535323539396465333737
63333866636466613337643837326361346262383534656664663466653730376631313762316636
36313339303665643334343033343363383336656438343630333063313765346239613735353639
63393437393431333038613437613761623834316439386561633531646137303137313864663036
66663663393332626431616539663239626462653265343762366335666632346139363735366132
66626331653735336363366430303466383030313365303034653665663334663938393931386165
34343165643264363135623433663665376437333264303532616337613066346431613866336663
35313435656465396566373335363037343134313339376234653065643664663564373238383637
66363232623432666563313639393935613732663237353934616336613630613164643639623931
31333363366164643566636565373635636533383432616163663364336161306235656664616633
37616531326536303237623662333538393132616563643465383235666163333139636230353635
30363036623937363533373764323365636166343833306339306237353766346165393166653636
33633365613066336436353165366262656239376164373435383761306339333265346364623136
35353130333931663530336330333133326536353262643235323565323733373562313536316536
31343965643265323634313537303566336632366638343165323237383933303739656133316639
66656633626435376665393533386464376230313333316632313163393662326334313437613636
37356334346331636535316161353236393934616634306365623635346263333432363864306564
30333134333437643330356535623532373932643131623631356634313232356665656430643238
36303639643363353663663466363761393163613032366164653331626236316134633264353332
38343437666535623261313462656263393636616237373936356263346237396531363335366438
31316466393432303036363763646537663331323663343961613463326662323930383432666430
31393732376335623133343933363765363161393030336132333035386662373462376337353032
31343136653338626366393363613062663264643930356538616336356434353664616134373738
39356533313233333139623932626138353562313637643666346164316262653036383066616239
61643666366261613532353361636433393132663937656432663866326338616263646164623833
38653565313037626561663536663533346366666333323961613962343166613031333431616137
34633464306530366437396539616434646636393831336466646439613366316335653065383839
30393763326432386138643364663564646435623662613235343638343765333732313134643936
61656661346534373432333264393266653332366336356636356263656365323963383664373133
65343836636461313731623366323234346432383230343665363964333333313639643239333733
39666663356436333562656637646538656534353830666638306532636466373336393637633366
61633632653566373064373736373163666437313437656566326634313331646534316162663064
35343933333738336566383033636333306131646531353264643537646162363961326663663037
37616235343765306636643564373963616361353463373665346665336462383566643838343234
35366663333661316465366461646162343431313165303064663533656265383632646638333865
64656530383137636139373139313835646234353463326135313563656131323530303338303937
36666361333135633233393535373535363038626265393738626136653330626462626162663437
35646664363634663139653436616233613665386161666466353434393037653137656434323365
34333233666334626432616637393837383034383937343539323163343566326331643138323061
36353539653939356234653034626334303964373533356665653665363138353861633962336537
33326337333132363733633864393431343131623065633362646633633237306239326635303935
31383831323232353538353162363130363836333065613239323334376234316535323630386333
30366235333933393835373438343166623432326463343238366665666430623431616635353933
64616435623533613337303865333236616631663830333239343866396335643933363665383066
32373039346563366338316538633535656534626336326137666162636336633262346336633337
37316433623137363038653437383433333235356139373461363664633736303133646534626530
66663634626165386531366234653765336161396562363062663031323433643239656134326563
35343462636664643731633164373861343861613233383735376237636661643935643733663435
62636338343934613363383963366261323661623862656136363731616636343938663064376533
35376634363464316638306666316635336430306435393234303030356438336263643465333864
63336438396330316435656561626536336331386537656633313662363661396462636662333036
62346531666438613663636565646333376538323534373837643531333337333831346361396464
66373966333339373663643334366662623835353337646564633565373866323333613135313264
37303134396236363833373632646662326533636561613036316338613138613832636134373366
61656336343233333134373039303439393063323361363136643564613032376436353162666538
30363438643063656465363438383665383233306233656338333964393937383862613633396536
38303535346139623534326236616430386364393833623531643334386165336232353763636434
65316232303238343761336337643537323065366337333461323061353264623838613863303261
33366339323336396631633265323963363961366536303336636336373162633737363437303562
36646635353262373037323630653632626238326233303332393330306237643563386138636164
65356434313837346165656562323665356136663465636333323732666334373964326463613164
65386132376461636463363663633430323637386665643732633563393931343739336364626333
35346336623232343136393263346262373239396465353732326633653339613137653439643336
39383436653339663261356364663664333232666336343637623039343537323166646465393463
64363939343962636336623264643633663633613534313435613062666439616436623937323839
36636562323736613132353461313730333461343333663062636533616662353266633332396465
37643463616164643961363661363333633030323865303266363137623363363239373839633132
32343063626130306137303730623566326637393066306539346239636663643061663661363662
33333662646533383535333933663037316632326633623932616330613534396231626132383930
31626538663138383038383464373232646262666231333239373266633866393263376265313432
30636135613536323563666538343863323633363130623762613765626130323333646330616163
62313165316535616361646433353237643132636332333134343361313534663630393161373165
64616336396437623832646235343337386538353639623664363266323333383463376562353866
62623663653361666364373566346131363639303663633335376633626137656438626565646133
35386235353330623261623964363961326132343134326539346366373162656131363465666564
65353961323865393734343966346137386366653730326162373830303132616362616361643665
31613939383930386436363436663138633438303435633436666133353536626363306435656530
66363466373935373065353436663161653261613761643836366432353536336136623566373930
38323961376139363731363361396265616663626336626462306331393262393934613961386236
66386564313230366532666232616133383131323662316637356562666638386534656633323032
39613461356264343739326664346238663037333765663364333966386462613038326562616362
32666233376564643133396633383239303632666335313735306462343865316234656235303639
39373631616632306332653731376538323263643366623736616334343035346163626232643235
39386464623164323961393263373437306565303138626566373861313031353137623533306465
38373232336162306465376136613136623666363931303034626639376139396230626431383034
38393533356430643961666233343364383939333038653163616363333836626538333565363931
35666565323530333562326239363037396166646137626137653135333164343438363862336330
63333130383235323735313335396437623464653665333231386337326461613164393835366436
38383666386630383534356136333137366234306639653438646437313839643439326232626539
36666163613837663964623261373335663332346430303536386535663738386431623131316533
35373663663366633333383134303365353937666662663532373136313765396466613765663466
30623538326166623731636261386334336666643538653535623235323466343039363339636139
35633930633139306632616239656466353934363036616436363165376664353535636432663366
35333936363663396239366433663661393234393136366431633934383763333839373831366530
64303364616162313030613264323436303764663165363731346139393033656138333030666165
30343462326133663666663133396133663561346666623364636631356536373065336662663135
30386634623131643663383066613833326266303838626338393765333765303962376631333962
39333031646536383535326563376235623164383736306462613934383161356439303131363166
63646562373637313066303539333230636561636536363237326636393038626530643631323533
63396333313864356161323564616661386566626633353964383232613436613937313462343266
35343765636235323961653563616433666365663139643866353739323632616365363334313638
61316564326562383238653530613762323136666232366431396461633061663739633034326539
37666333613738386430333930323765623361373561323161663735356362306564316464653264
35646233363731356136666561623534626530373663656337303138346265653338666238373131
36626535393737393762323139666233653534313961626363373132616635323062626239623464
65353161373636373837366435373337396561353036653037316262386134333230386362643631
61356436323038643332656465326331313036373361393839363337643131646662333566376531
30613662343730343438666462656264643961633834393464373039653261613836343635613663
31623331336435623938343936393361643235316366326335373963333562346362626463306139
37666230333332306132326539663462633463393862366239323066613936366364393931386263
38666231623435623465636632636364613166313039646635303364343531356535353438373466
32616464373461363861393462386133643838373464356364653639373332363633353136653766
39653936633532323533376339313632346238623239356636383230343234396565373030313334
31316663336166336339663364393865613432626537633238326338653235386133623761643335
35336634306434393732633332346664373566663937393135373837346231663065366238613835
34356539633537636338323133376163303734646531636631666336643434383462323236313833
36636664646465396566666162393066643536316161323263653430373531356436373562383565
39623537616636316165646165386166383937353637383936303962323330353663323435323834
39383232396563326139666338396635366435616331616263363534336661363834326538613862
62333331353261323834323531656431363235316461623936643037343361653966666635663266
32626330343964636238336332343634623538326434643033393661366138623439356362626135
38326239316234353437643131346237363765643763666433323438383261663735616161343233
37386431343462613336393236313733616136653231386562336464646661363237633261376238
34616139336636313730353765353930376434326439616437636634383563343666313730396336
37646533396339396264363563323863363939363537656535353862613935343964656665393961
37623933663736386162343163663661306537386164653564326435363532343433313961376161
62363035613466353663633263373133363161396435343432663230393739393235396364303035
31386366383835313031366135646334303836396466663530636366653133613664333634636131
32316663656265333739353062666364353133373963366536623262323030373839373961343530
65383364643765653535633934646132626331306233326465343137323064633631653735363836
36373234656165613632383237643434613337356161343733333332343565616337353231623866
63656665303163666537613438653139663266346333643934386166396337613165646364313665
39306336343430353464633862333462343238633331386636356331323266313331346338393937
62303131326437653365396266303231623034386431353431333832633839376361373930386534
38363030623766323362666131316337663336656563336532396337643738636139656133386564
34323130323262333338333962343132376563616333363635343536316335383333393537343565
62373161616535323933666235613335363533643465356538383864356334303466613434313333
34313230323933623962313062323530363433336364396333303064636363626231666239626161
30343031663565646138333837366165363936623539363033366634643262636137353066373730
62346666326665663335623232626535653532653936343532626562313732663135356364306362
61663536336337636338626565643864613166646639373938383831376235333633316633633937
31313536626165313535316533653765343436333761336264613130363236653661306662376335
64393231353966346262363033623562356431383762363130646632316538396663653633376237
66366466653339656337303133343662613763303432613638333833333164353732343636333831
66666530303233343438356561356434316333616638363633666237653433373263363561633562
64646635353938313737373463383938313031383566353265393364663561633163646236336232
31313930366535633265363231316335663864303038313563663831323133663431633262333834
30346339373365376630666230343364653436623937313130363562386466623161613765363338
31376436346632326633396139343461396235383231666233356230656662393438653236313266
66356537376162613538313166326634643236613635643030636538646564633431663136656166
61666631663961373139633661323236313131373461653331663933326239373561386566326630
38373131613633663931313862343932353462326638656630313966383065643634373366333038
30363437393965326632633162303266633733326161343332616236306164643131323432396337
63663538623137656665623631663464633337316534303566653766363732653833333633366464
38653362313063306537656138333532363262663935643932653561336266383936326638333064
65663832613237643935653864623235346535393965666661376338623139326431613334383432
64386235616332623164666265336261303963643966343464616638386431646337653362633465
61646634616135643133646633333365613561623165373136633132363834343433386463656230
33373338303661383864333066616535303632383736353634343366343364396434366334623631
34313132373238663838323965336534353665363231626238376561646661396265363734306665
62353536666361326431306266636435626665336365656139323830383961306664633037313435
38356533663466613463666230653731623766313938356565303435346462666363623965613962
35306362343864306531303035623933633836643837653433306263633565663965666231363261
64376531633430333632343439316235633064383762353261323838303436666433323063373763
34643438616265346234383332383035353539386561353932343563643435643262316639376663
30393834616234323535303631353233616233666362373064356331643366323366313437353031
39656632346239323965653863643934343264636362643938376237656635333662316435666361
33613430653330633437383637633934313966373038303166353466336363656537353432346135
31343234373532356130393939646238636237323630346338356139356639316463346362326236
32643765316338326237666338323836363236343362393461396233663238663731633461666130
33326165383039666633633663383262373636303663383931373631343764373838313334643138
36633734366331656534623762653734373339646430623736633831393364326331653535646537
39396265623266323865383330383663643335623563646664656534336330316133353661353434
33356432323732376231313166326235306264303966663062316335333636613137303032623235
63376262646434633930373636633635393330306234326362646661346163353434363333643930
34306438646438333138366662326436376137353563336665366361353235393037663833656230
36356461363461653862313066663730336462303739376664623536643466653430383463653738
30356632633333313061643330633466643663663063383633613331623462656130393561333437
65373036613933303365366364613363616333653963613665393434643138373232633936303935
37376366326633393065336338343936313738383366386334373038336132623237353532323462
39633063626663393838326463326564396663666438326366653437366430623130396466336537
63646638393666383631643562393265626365656433333538326365353538653639623165613033
38386333613163663134376663356665363066636632646465363935626235386161643761633034
65623961666531356337393535343661336663383636323230626336383934383837356465393939
66396266333439653766333639396361366637323735623632393862393130363338623435376462
31343033343236353636363431356537346134666233313664366432633462363865353937346361
66663963653630653935396531343162373565646163653461393238613235613632396365363463
65633662383536616638633238363935306338626461353265376637323337313264343233613765
66383164373834306536393438303862343935363364663632613530333836613262356334303937
37643033643663396166633963313131653136613662646338376432323662323133633364653561
63616336353033393566303439343637313033313233626434383937623665343138326431356564
65343165386531633766316434636131616134613831616239343137316537306563616236356531
65333264633365313833626130613930346633396133336133643037393435326130306666333138
34623533653838663861633837613533376139396362336139653764376361393539646565656330
34333862346566383732663161396630363930386666343832313231326566663163336230336666
66666564343233353438646662363265653666343331343039333538346365643839373833633462
65653131306230323835313330383636316663343966386235363435656334656261306430363766
66393637323061386536616635356361316638666631363661656463373138313865366232663333
64383237663562663565316363653862326239393835643538333039343665633965333239666536
33386261316665366462643131306632303563316531333465353063636637346663613464396132
31643161383339623965363166383033376431373136303565383534383564353233303164303665
63386564656466386139643865643962383532373663353633336666643839353662623435613537
38373837316536313661383136323038646361623562396164653138633130326636333633626262
61353064393461653137326163656663346635666639393564353031666532343264656433393662
353230623336333538303930666138653762
